Color_Channel 	 Set_number 	 Precision 	 Recall 	 FScore 	 Error 
1 	 1 	 0.433368 	 0.930781 	 0.591388 	 58.016288 
1 	 2 	 0.221996 	 0.706532 	 0.337840 	 79.663378 
1 	 3 	 0.878635 	 0.880738 	 0.879685 	 21.466865 
1 	 4 	 0.506892 	 0.888866 	 0.645612 	 52.331785 
1 	 5 	 0.909193 	 0.772361 	 0.835210 	 28.295230 
1 	 6 	 0.455864 	 0.749379 	 0.566881 	 60.444222 
1 	 7 	 0.643405 	 0.950670 	 0.767424 	 37.738165 
1 	 8 	 0.547988 	 0.952721 	 0.695777 	 46.652005 
1 	 9 	 0.570661 	 0.881654 	 0.692860 	 46.994162 
1 	 10 	 0.785219 	 0.928559 	 0.850895 	 25.951534 
1 	 11 	 0.580857 	 0.927929 	 0.714474 	 44.421677 
1 	 12 	 0.768024 	 0.812774 	 0.789765 	 34.739732 
1 	 13 	 0.761156 	 0.751511 	 0.756303 	 39.189136 
1 	 14 	 0.782448 	 0.749236 	 0.765482 	 36.929167 
1 	 15 	 0.621657 	 0.611666 	 0.616621 	 55.285714 
1 	 16 	 0.804190 	 0.668173 	 0.729899 	 42.532245 
1 	 17 	 0.407459 	 0.862042 	 0.553362 	 61.748423 
1 	 18 	 0.610923 	 0.919848 	 0.734213 	 41.995495 
1 	 19 	 0.810509 	 0.913465 	 0.858913 	 24.728563 
1 	 20 	 0.457552 	 0.834131 	 0.590947 	 58.060650 
1 	 21 	 0.424562 	 0.867911 	 0.570197 	 60.120583 
1 	 22 	 0.438544 	 0.870555 	 0.583266 	 58.830191 
1 	 23 	 0.367700 	 0.877080 	 0.518167 	 65.032001 
1 	 24 	 0.503741 	 0.876755 	 0.639853 	 52.957071 
1 	 25 	 0.943509 	 0.910548 	 0.926736 	 13.652617 
1 	 26 	 0.698176 	 0.915562 	 0.792227 	 34.406003 
1 	 27 	 0.747116 	 0.909167 	 0.820214 	 30.477725 
1 	 28 	 0.348686 	 0.811405 	 0.487764 	 67.745474 
1 	 29 	 0.628876 	 0.903426 	 0.741555 	 41.073757 
1 	 30 	 0.496869 	 0.848165 	 0.626641 	 54.371601 
1 	 31 	 0.620465 	 0.839954 	 0.713715 	 44.513411 
1 	 32 	 0.409964 	 0.570716 	 0.477165 	 68.666019 
1 	 33 	 0.297698 	 0.782597 	 0.431322 	 72.504123 
1 	 34 	 0.354923 	 0.808009 	 0.493203 	 67.268117 
1 	 35 	 0.789886 	 0.939081 	 0.858046 	 24.861534 
1 	 36 	 0.879673 	 0.869716 	 0.874666 	 22.274914 
1 	 37 	 0.735311 	 0.851266 	 0.789051 	 34.840265 
1 	 38 	 0.512835 	 0.885491 	 0.649506 	 51.905991 
1 	 39 	 0.470089 	 0.852599 	 0.606034 	 56.524427 
1 	 40 	 0.811259 	 0.839193 	 0.824990 	 29.788741 
1 	 41 	 0.589613 	 0.676092 	 0.629898 	 53.809796 
1 	 42 	 0.833593 	 0.959942 	 0.892317 	 19.442951 
1 	 43 	 0.466759 	 0.817888 	 0.594337 	 57.718401 
1 	 44 	 0.630294 	 0.921556 	 0.748592 	 40.180050 
1 	 45 	 0.774226 	 0.913725 	 0.838211 	 27.851639 
1 	 46 	 0.954731 	 0.539772 	 0.689643 	 47.369796 
1 	 47 	 0.947115 	 0.881903 	 0.913346 	 15.948697 
1 	 48 	 0.818643 	 0.529552 	 0.643103 	 52.604898 
1 	 49 	 0.896782 	 0.953188 	 0.924125 	 14.104781 
1 	 50 	 0.812092 	 0.941447 	 0.871998 	 22.687662 
1 	 51 	 0.828385 	 0.951085 	 0.885505 	 20.546578 
1 	 52 	 0.758307 	 0.929107 	 0.835063 	 28.316905 
2 	 1 	 0.443464 	 0.969745 	 0.608611 	 56.258765 
2 	 2 	 0.253744 	 0.842096 	 0.389978 	 75.778128 
2 	 3 	 0.880299 	 0.891413 	 0.885821 	 20.476163 
2 	 4 	 0.527872 	 0.966788 	 0.682885 	 48.152971 
2 	 5 	 0.919732 	 0.883891 	 0.901455 	 17.940927 
2 	 6 	 0.435036 	 0.688776 	 0.533261 	 63.643120 
2 	 7 	 0.644937 	 0.957047 	 0.770589 	 37.320527 
2 	 8 	 0.547540 	 0.951000 	 0.694957 	 46.748379 
2 	 9 	 0.578339 	 0.909786 	 0.707152 	 45.302832 
2 	 10 	 0.786722 	 0.936894 	 0.855266 	 25.286904 
2 	 11 	 0.588332 	 0.956938 	 0.728672 	 42.684166 
2 	 12 	 0.781442 	 0.878133 	 0.826971 	 29.501270 
2 	 13 	 0.772027 	 0.798593 	 0.785085 	 35.379408 
2 	 14 	 0.786022 	 0.761330 	 0.773479 	 35.870943 
2 	 15 	 0.628881 	 0.628288 	 0.628584 	 53.968980 
2 	 16 	 0.777196 	 0.566615 	 0.655406 	 51.244898 
2 	 17 	 0.422767 	 0.918147 	 0.578952 	 59.258824 
2 	 18 	 0.603007 	 0.889827 	 0.718864 	 43.888593 
2 	 19 	 0.815541 	 0.944206 	 0.875169 	 22.195434 
2 	 20 	 0.477951 	 0.905363 	 0.625626 	 54.479163 
2 	 21 	 0.439872 	 0.923786 	 0.595967 	 57.553174 
2 	 22 	 0.453049 	 0.923198 	 0.607818 	 56.340592 
2 	 23 	 0.374215 	 0.901916 	 0.528959 	 64.041819 
2 	 24 	 0.514788 	 0.916383 	 0.659241 	 50.830808 
2 	 25 	 0.944355 	 0.925208 	 0.934683 	 12.262436 
2 	 26 	 0.680256 	 0.842068 	 0.752562 	 39.671377 
2 	 27 	 0.749382 	 0.920165 	 0.826038 	 29.636726 
2 	 28 	 0.347528 	 0.807276 	 0.485885 	 67.909598 
2 	 29 	 0.638269 	 0.940733 	 0.760532 	 38.640435 
2 	 30 	 0.508267 	 0.887729 	 0.646425 	 52.243172 
2 	 31 	 0.635135 	 0.894387 	 0.742790 	 40.917613 
2 	 32 	 0.437616 	 0.639164 	 0.519527 	 64.908000 
2 	 33 	 0.314657 	 0.847648 	 0.458947 	 70.218621 
2 	 34 	 0.366634 	 0.850105 	 0.512316 	 65.562842 
2 	 35 	 0.792453 	 0.953786 	 0.865667 	 23.684888 
2 	 36 	 0.885134 	 0.916720 	 0.900650 	 18.074272 
2 	 37 	 0.742211 	 0.882255 	 0.806197 	 32.468227 
2 	 38 	 0.521090 	 0.915252 	 0.664088 	 50.289576 
2 	 39 	 0.478885 	 0.883212 	 0.621038 	 54.963410 
2 	 40 	 0.814739 	 0.858628 	 0.836108 	 28.162766 
2 	 41 	 0.601631 	 0.688241 	 0.642028 	 51.980408 
2 	 42 	 0.832977 	 0.955694 	 0.890126 	 19.799376 
2 	 43 	 0.466558 	 0.817227 	 0.594000 	 57.752537 
2 	 44 	 0.634473 	 0.938270 	 0.757030 	 39.095092 
2 	 45 	 0.781185 	 0.951257 	 0.857873 	 24.888093 
2 	 46 	 0.956275 	 0.559748 	 0.706154 	 45.422041 
2 	 47 	 0.948517 	 0.907252 	 0.927425 	 13.532774 
2 	 48 	 0.825176 	 0.553722 	 0.662729 	 50.441633 
2 	 49 	 0.897582 	 0.961495 	 0.928440 	 13.356222 
2 	 50 	 0.814348 	 0.955670 	 0.879367 	 21.522661 
2 	 51 	 0.829537 	 0.958844 	 0.889516 	 19.898366 
2 	 52 	 0.761159 	 0.943736 	 0.842672 	 27.188208 
3 	 1 	 0.847234 	 0.364225 	 0.509441 	 31.639507 
3 	 2 	 0.264023 	 0.888447 	 0.407074 	 74.444905 
3 	 3 	 0.881062 	 0.898724 	 0.889805 	 19.834636 
3 	 4 	 0.482709 	 0.806887 	 0.604052 	 56.728192 
3 	 5 	 0.922501 	 0.918237 	 0.920364 	 14.752370 
3 	 6 	 0.479672 	 0.824013 	 0.606367 	 56.471276 
3 	 7 	 0.645430 	 0.959110 	 0.771609 	 37.185433 
3 	 8 	 0.548469 	 0.954574 	 0.696659 	 46.548216 
3 	 9 	 0.585615 	 0.937406 	 0.720882 	 43.642314 
3 	 10 	 0.788401 	 0.946341 	 0.860181 	 24.533545 
3 	 11 	 0.592013 	 0.971613 	 0.735736 	 41.805250 
3 	 12 	 0.792546 	 0.935271 	 0.858014 	 24.850809 
3 	 13 	 0.785519 	 0.858925 	 0.820584 	 30.392713 
3 	 14 	 0.900484 	 0.614392 	 0.730423 	 36.480694 
3 	 15 	 0.634411 	 0.641742 	 0.638055 	 52.921633 
3 	 16 	 0.781148 	 0.579609 	 0.665453 	 50.123265 
3 	 17 	 0.437041 	 0.973214 	 0.603202 	 56.815360 
3 	 18 	 0.993574 	 0.642734 	 0.780542 	 22.790907 
3 	 19 	 0.820445 	 0.975827 	 0.891415 	 19.589810 
3 	 20 	 0.492692 	 0.960408 	 0.651277 	 51.711537 
3 	 21 	 0.447174 	 0.951524 	 0.608418 	 56.278680 
3 	 22 	 0.466574 	 0.974867 	 0.631102 	 53.897128 
3 	 23 	 0.388649 	 0.958817 	 0.553102 	 61.773280 
3 	 24 	 0.527351 	 0.963698 	 0.681677 	 48.292088 
3 	 25 	 0.946459 	 0.963706 	 0.955005 	 8.611611 
3 	 26 	 0.707492 	 0.957328 	 0.813664 	 31.413701 
3 	 27 	 0.757562 	 0.961596 	 0.847471 	 26.468569 
3 	 28 	 0.371978 	 0.897708 	 0.526000 	 64.314783 
3 	 29 	 0.644646 	 0.967181 	 0.773643 	 36.915326 
3 	 30 	 0.528048 	 0.960936 	 0.681566 	 48.304907 
3 	 31 	 0.650094 	 0.954587 	 0.773451 	 36.940832 
3 	 32 	 0.508213 	 0.848833 	 0.635775 	 53.396576 
3 	 33 	 0.336438 	 0.936075 	 0.494975 	 67.111818 
3 	 34 	 0.392380 	 0.948349 	 0.555091 	 61.583026 
3 	 35 	 0.798741 	 0.991386 	 0.884698 	 20.676426 
3 	 36 	 0.891758 	 0.980101 	 0.933845 	 12.410017 
3 	 37 	 0.760512 	 0.973093 	 0.853769 	 25.515116 
3 	 38 	 0.532037 	 0.956341 	 0.683709 	 48.057865 
3 	 39 	 0.496191 	 0.946564 	 0.651083 	 51.732958 
3 	 40 	 0.829377 	 0.949035 	 0.885180 	 20.598777 
3 	 41 	 1.000000 	 0.535086 	 0.697141 	 31.488163 
3 	 42 	 0.834418 	 0.965677 	 0.895262 	 18.961653 
3 	 43 	 0.492081 	 0.905246 	 0.637581 	 53.202311 
3 	 44 	 0.639777 	 0.960047 	 0.767855 	 37.681485 
3 	 45 	 0.783789 	 0.965922 	 0.865376 	 23.730118 
3 	 46 	 0.955688 	 0.551987 	 0.699789 	 46.178776 
3 	 47 	 0.949508 	 0.926027 	 0.937620 	 11.743384 
3 	 48 	 0.839042 	 0.611531 	 0.707445 	 45.267755 
3 	 49 	 0.896192 	 0.947149 	 0.920966 	 14.649034 
3 	 50 	 0.810450 	 0.930615 	 0.866386 	 23.561623 
3 	 51 	 0.827430 	 0.944731 	 0.882198 	 21.077391 
3 	 52 	 0.756383 	 0.919430 	 0.829975 	 29.063516 
4 	 1 	 0.763720 	 0.883307 	 0.819172 	 17.589988 
4 	 2 	 0.006330 	 0.008849 	 0.007381 	 68.463643 
4 	 3 	 0.963093 	 0.555430 	 0.704541 	 41.509853 
4 	 4 	 0.993205 	 0.494619 	 0.660371 	 27.284107 
4 	 5 	 0.999840 	 0.728090 	 0.842597 	 25.254437 
4 	 6 	 0.113226 	 0.101811 	 0.107216 	 89.499833 
4 	 7 	 0.980988 	 0.669094 	 0.795564 	 22.521150 
4 	 8 	 0.887461 	 0.747878 	 0.811713 	 19.428176 
4 	 9 	 0.980502 	 0.438825 	 0.606300 	 34.262968 
4 	 10 	 0.999851 	 0.423731 	 0.595214 	 45.959905 
4 	 11 	 0.995174 	 0.451892 	 0.621549 	 32.960203 
4 	 12 	 0.995722 	 0.321717 	 0.486308 	 54.565279 
4 	 13 	 0.998422 	 0.321251 	 0.486096 	 54.964192 
4 	 14 	 0.953488 	 0.221988 	 0.360131 	 63.455485 
4 	 15 	 0.996146 	 0.386031 	 0.556432 	 44.736327 
4 	 16 	 0.998884 	 0.254862 	 0.406107 	 64.111837 
4 	 17 	 0.980917 	 0.741399 	 0.844503 	 12.114985 
4 	 18 	 0.214982 	 0.159563 	 0.183173 	 89.738276 
4 	 19 	 1.000000 	 0.570781 	 0.726748 	 35.368547 
4 	 20 	 0.987379 	 0.263440 	 0.415912 	 37.202870 
4 	 21 	 0.996221 	 0.321858 	 0.486529 	 31.215877 
4 	 22 	 0.986844 	 0.699853 	 0.818933 	 14.635619 
4 	 23 	 0.975714 	 0.708270 	 0.820755 	 12.333713 
4 	 24 	 0.996246 	 0.653625 	 0.789360 	 18.717172 
4 	 25 	 1.000000 	 0.565456 	 0.722417 	 41.207896 
4 	 26 	 1.000000 	 0.232920 	 0.377834 	 54.956290 
4 	 27 	 0.999960 	 0.277578 	 0.434534 	 55.243101 
4 	 28 	 0.115744 	 0.165087 	 0.136080 	 83.324681 
4 	 29 	 0.998919 	 0.381330 	 0.551955 	 40.379844 
4 	 30 	 0.996991 	 0.170852 	 0.291713 	 44.633115 
4 	 31 	 1.000000 	 0.358636 	 0.527935 	 42.367919 
4 	 32 	 0.986844 	 0.320897 	 0.484309 	 37.519608 
4 	 33 	 0.982432 	 0.444673 	 0.612234 	 19.790299 
4 	 34 	 0.996621 	 0.360665 	 0.529654 	 25.948565 
4 	 35 	 1.000000 	 0.399774 	 0.571198 	 48.025775 
4 	 36 	 1.000000 	 0.247607 	 0.396931 	 67.240115 
4 	 37 	 1.000000 	 0.308792 	 0.471873 	 52.908166 
4 	 38 	 0.999962 	 0.412629 	 0.584193 	 31.902965 
4 	 39 	 0.975611 	 0.257147 	 0.407014 	 38.207244 
4 	 40 	 0.999615 	 0.418987 	 0.590476 	 48.624078 
4 	 41 	 0.994925 	 0.229197 	 0.372567 	 52.284898 
4 	 42 	 1.000000 	 0.330252 	 0.496526 	 56.204361 
4 	 43 	 1.000000 	 0.329327 	 0.495480 	 34.671150 
4 	 44 	 0.996855 	 0.345386 	 0.513023 	 42.562963 
4 	 45 	 1.000000 	 0.608193 	 0.756368 	 30.937341 
4 	 46 	 1.000000 	 0.355098 	 0.524092 	 62.880816 
4 	 47 	 0.999675 	 0.687708 	 0.814853 	 29.784896 
4 	 48 	 0.999974 	 0.708696 	 0.829508 	 26.073469 
4 	 49 	 0.996488 	 0.915473 	 0.954264 	 7.907765 
4 	 50 	 0.993925 	 0.735976 	 0.845719 	 22.041654 
4 	 51 	 0.996704 	 0.813495 	 0.895828 	 15.805318 
4 	 52 	 0.991219 	 0.689900 	 0.813556 	 24.396565 
5 	 1 	 0.183718 	 0.262023 	 0.215992 	 85.799578 
5 	 2 	 0.216896 	 0.593451 	 0.317684 	 73.324766 
5 	 3 	 0.852519 	 0.545310 	 0.665156 	 48.920769 
5 	 4 	 0.918510 	 0.887300 	 0.902635 	 10.265566 
5 	 5 	 0.965522 	 0.653302 	 0.779303 	 34.352742 
5 	 6 	 0.762938 	 0.823475 	 0.792051 	 22.823981 
5 	 7 	 0.742710 	 0.706400 	 0.724100 	 35.255402 
5 	 8 	 0.563796 	 0.616602 	 0.589018 	 48.181646 
5 	 9 	 0.593857 	 0.659367 	 0.624900 	 47.590417 
5 	 10 	 0.899638 	 0.763929 	 0.826248 	 25.621730 
5 	 11 	 0.641117 	 0.672939 	 0.656643 	 42.151566 
5 	 12 	 0.942893 	 0.888343 	 0.914806 	 13.283554 
5 	 13 	 0.976815 	 0.902670 	 0.938280 	 9.609439 
5 	 14 	 0.901039 	 0.927083 	 0.913876 	 14.056180 
5 	 15 	 0.953572 	 0.948957 	 0.951259 	 7.068571 
5 	 16 	 0.979902 	 0.995416 	 0.987598 	 2.150204 
5 	 17 	 0.537974 	 0.778374 	 0.636222 	 39.497215 
5 	 18 	 0.986255 	 0.945154 	 0.965267 	 4.289166 
5 	 19 	 0.956029 	 0.805610 	 0.874398 	 19.071383 
5 	 20 	 0.873727 	 0.860837 	 0.867234 	 13.252255 
5 	 21 	 0.835543 	 0.865997 	 0.850498 	 13.989282 
5 	 22 	 0.582566 	 0.790880 	 0.670925 	 36.689706 
5 	 23 	 0.683347 	 0.795071 	 0.734988 	 22.858794 
5 	 24 	 0.676438 	 0.602717 	 0.637453 	 36.785354 
5 	 25 	 0.992688 	 0.668281 	 0.798804 	 31.923809 
5 	 26 	 0.939491 	 0.878638 	 0.908046 	 12.749078 
5 	 27 	 0.972504 	 0.818366 	 0.888802 	 15.658514 
5 	 28 	 0.605513 	 0.858843 	 0.710265 	 27.853327 
5 	 29 	 0.937968 	 0.882910 	 0.909607 	 11.445778 
5 	 30 	 0.855967 	 0.908371 	 0.881391 	 13.152210 
5 	 31 	 0.887743 	 0.878861 	 0.883279 	 15.343784 
5 	 32 	 0.959953 	 0.932716 	 0.946138 	 5.830408 
5 	 33 	 0.617152 	 0.889514 	 0.728716 	 23.269043 
5 	 34 	 0.752227 	 0.847224 	 0.796904 	 17.493556 
5 	 35 	 0.981178 	 0.941872 	 0.961123 	 6.096639 
5 	 36 	 0.998275 	 0.889214 	 0.940594 	 10.038040 
5 	 37 	 0.982462 	 0.752410 	 0.852183 	 19.979794 
5 	 38 	 0.820342 	 0.900085 	 0.858366 	 16.133045 
5 	 39 	 0.754276 	 0.918642 	 0.828384 	 19.408965 
5 	 40 	 0.980356 	 0.757595 	 0.854699 	 21.550917 
5 	 41 	 0.984655 	 0.995348 	 0.989972 	 1.365714 
5 	 42 	 0.993814 	 0.848557 	 0.915459 	 13.152171 
5 	 43 	 0.950400 	 0.904949 	 0.927118 	 7.355288 
5 	 44 	 0.800586 	 0.900483 	 0.847601 	 21.019394 
5 	 45 	 0.959381 	 0.873460 	 0.914406 	 12.911755 
5 	 46 	 0.997954 	 0.996241 	 0.997097 	 0.565714 
5 	 47 	 0.997882 	 0.823143 	 0.902129 	 17.022166 
5 	 48 	 0.994185 	 0.683030 	 0.809745 	 28.726531 
5 	 49 	 0.924805 	 0.612523 	 0.736947 	 39.404883 
5 	 50 	 0.885432 	 0.747372 	 0.810565 	 28.675011 
5 	 51 	 0.902651 	 0.675262 	 0.772573 	 33.212300 
5 	 52 	 0.823814 	 0.802005 	 0.812763 	 28.509201 
6 	 1 	 0.428706 	 0.913253 	 0.583500 	 58.806886 
6 	 2 	 0.224264 	 0.715871 	 0.341534 	 79.398060 
6 	 3 	 0.878959 	 0.884093 	 0.881519 	 21.176161 
6 	 4 	 0.492917 	 0.840537 	 0.621416 	 54.923590 
6 	 5 	 0.911393 	 0.793455 	 0.848345 	 26.336936 
6 	 6 	 0.463197 	 0.771399 	 0.578829 	 59.255177 
6 	 7 	 0.643975 	 0.953035 	 0.768600 	 37.583301 
6 	 8 	 0.548160 	 0.953383 	 0.696092 	 46.614937 
6 	 9 	 0.571207 	 0.883621 	 0.693870 	 46.875911 
6 	 10 	 0.784908 	 0.926848 	 0.849993 	 26.087976 
6 	 11 	 0.581368 	 0.929880 	 0.715439 	 44.304826 
6 	 12 	 0.777591 	 0.857022 	 0.815376 	 31.158186 
6 	 13 	 0.766985 	 0.771872 	 0.769421 	 37.434939 
6 	 14 	 0.784481 	 0.841548 	 0.812013 	 31.343953 
6 	 15 	 0.626963 	 0.622190 	 0.624567 	 54.370612 
6 	 16 	 0.779716 	 0.574787 	 0.661749 	 50.537959 
6 	 17 	 0.402068 	 0.842968 	 0.544451 	 62.594786 
6 	 18 	 0.612840 	 0.927305 	 0.737969 	 41.525292 
6 	 19 	 0.809362 	 0.906682 	 0.855263 	 25.287453 
6 	 20 	 0.459721 	 0.841449 	 0.594591 	 57.692695 
6 	 21 	 0.420189 	 0.852493 	 0.562919 	 60.829007 
6 	 22 	 0.433436 	 0.852658 	 0.574721 	 59.676553 
6 	 23 	 0.359073 	 0.844974 	 0.503979 	 66.312033 
6 	 24 	 0.498880 	 0.859875 	 0.631423 	 53.862795 
6 	 25 	 0.943695 	 0.913725 	 0.928468 	 13.351368 
6 	 26 	 0.701919 	 0.932031 	 0.800772 	 33.226094 
6 	 27 	 0.748815 	 0.917393 	 0.824576 	 29.848671 
6 	 28 	 0.350380 	 0.817471 	 0.490517 	 67.504312 
6 	 29 	 0.628852 	 0.903336 	 0.741508 	 41.079644 
6 	 30 	 0.499061 	 0.855634 	 0.630420 	 53.969788 
6 	 31 	 0.621052 	 0.842053 	 0.714862 	 44.374716 
6 	 32 	 0.422113 	 0.599982 	 0.495571 	 67.059234 
6 	 33 	 0.296396 	 0.777735 	 0.429217 	 72.674947 
6 	 34 	 0.354194 	 0.805439 	 0.492020 	 67.372230 
6 	 35 	 0.788758 	 0.932729 	 0.854723 	 25.369726 
6 	 36 	 0.880890 	 0.879814 	 0.880351 	 21.372522 
6 	 37 	 0.734090 	 0.845953 	 0.786062 	 35.246925 
6 	 38 	 0.512713 	 0.885058 	 0.649292 	 51.929527 
6 	 39 	 0.467896 	 0.845124 	 0.602321 	 56.905577 
6 	 40 	 0.814254 	 0.855876 	 0.834546 	 28.393000 
6 	 41 	 0.616007 	 0.758100 	 0.679706 	 48.390204 
6 	 42 	 0.833499 	 0.959291 	 0.891982 	 19.497531 
6 	 43 	 0.467000 	 0.818680 	 0.594741 	 57.677439 
6 	 44 	 0.629361 	 0.917877 	 0.746719 	 40.418840 
6 	 45 	 0.774202 	 0.913598 	 0.838144 	 27.861679 
6 	 46 	 0.957470 	 0.576183 	 0.719430 	 43.819592 
6 	 47 	 0.947989 	 0.897546 	 0.922078 	 14.457812 
6 	 48 	 0.819983 	 0.534368 	 0.647059 	 52.173878 
6 	 49 	 0.896780 	 0.953169 	 0.924115 	 14.106477 
6 	 50 	 0.812888 	 0.946509 	 0.874624 	 22.274654 
6 	 51 	 0.828518 	 0.951978 	 0.885968 	 20.471946 
6 	 52 	 0.758027 	 0.927687 	 0.834319 	 28.426430 
7 	 1 	 0.438167 	 0.949126 	 0.599550 	 57.188784 
7 	 2 	 0.223101 	 0.711201 	 0.339654 	 79.543156 
7 	 3 	 0.879902 	 0.892328 	 0.886071 	 20.446516 
7 	 4 	 0.499923 	 0.864427 	 0.633484 	 53.642390 
7 	 5 	 0.917042 	 0.852738 	 0.883722 	 20.833126 
7 	 6 	 0.430828 	 0.677070 	 0.526584 	 64.261022 
7 	 7 	 0.644211 	 0.954016 	 0.769086 	 37.519049 
7 	 8 	 0.547509 	 0.950882 	 0.694901 	 46.754969 
7 	 9 	 0.573388 	 0.891530 	 0.697913 	 46.400406 
7 	 10 	 0.785651 	 0.930942 	 0.852148 	 25.761520 
7 	 11 	 0.584781 	 0.943028 	 0.721903 	 43.517358 
7 	 12 	 0.775721 	 0.849467 	 0.810921 	 31.802650 
7 	 13 	 0.767080 	 0.776624 	 0.771823 	 37.157085 
7 	 14 	 0.785711 	 0.751906 	 0.768437 	 36.453096 
7 	 15 	 0.626417 	 0.622470 	 0.624437 	 54.425306 
7 	 16 	 0.785945 	 0.597111 	 0.678637 	 48.638367 
7 	 17 	 0.412665 	 0.880794 	 0.562017 	 60.916320 
7 	 18 	 0.605256 	 0.898232 	 0.723198 	 43.358591 
7 	 19 	 0.811051 	 0.916697 	 0.860644 	 24.462184 
7 	 20 	 0.466322 	 0.864087 	 0.605743 	 56.554464 
7 	 21 	 0.431566 	 0.893097 	 0.581929 	 58.963323 
7 	 22 	 0.443477 	 0.888150 	 0.591568 	 57.998088 
7 	 23 	 0.367298 	 0.875567 	 0.517505 	 65.092316 
7 	 24 	 0.502782 	 0.873398 	 0.638185 	 53.137205 
7 	 25 	 0.942084 	 0.886790 	 0.913601 	 15.905580 
7 	 26 	 0.690422 	 0.882717 	 0.774817 	 36.759083 
7 	 27 	 0.746472 	 0.906073 	 0.818566 	 30.714255 
7 	 28 	 0.348727 	 0.811552 	 0.487831 	 67.739612 
7 	 29 	 0.631354 	 0.913085 	 0.746523 	 40.443768 
7 	 30 	 0.502120 	 0.866166 	 0.635714 	 53.403216 
7 	 31 	 0.629253 	 0.872043 	 0.731016 	 42.393603 
7 	 32 	 0.424134 	 0.604970 	 0.498664 	 66.785350 
7 	 33 	 0.304158 	 0.807003 	 0.441802 	 71.646639 
7 	 34 	 0.360443 	 0.827658 	 0.502185 	 66.472154 
7 	 35 	 0.788645 	 0.932096 	 0.854391 	 25.420379 
7 	 36 	 0.881912 	 0.888460 	 0.885174 	 20.599775 
7 	 37 	 0.734418 	 0.847373 	 0.786862 	 35.138256 
7 	 38 	 0.516304 	 0.897872 	 0.655611 	 51.233535 
7 	 39 	 0.473124 	 0.863047 	 0.611191 	 55.991666 
7 	 40 	 0.810376 	 0.834375 	 0.822200 	 30.191862 
7 	 41 	 0.595943 	 0.688012 	 0.638677 	 52.724898 
7 	 42 	 0.831875 	 0.948175 	 0.886226 	 20.430357 
7 	 43 	 0.466467 	 0.816930 	 0.593848 	 57.767898 
7 	 44 	 0.632161 	 0.928977 	 0.752353 	 39.698308 
7 	 45 	 0.777120 	 0.929048 	 0.846319 	 26.641789 
7 	 46 	 0.956093 	 0.557312 	 0.704163 	 45.659592 
7 	 47 	 0.948082 	 0.899250 	 0.923021 	 14.295438 
7 	 48 	 0.823232 	 0.546343 	 0.656798 	 51.102041 
7 	 49 	 0.895970 	 0.944891 	 0.919780 	 14.852492 
7 	 50 	 0.812197 	 0.941826 	 0.872221 	 22.651492 
7 	 51 	 0.827704 	 0.946548 	 0.883146 	 20.925611 
7 	 52 	 0.758405 	 0.929606 	 0.835324 	 28.278445 
8 	 1 	 0.396033 	 0.798015 	 0.529360 	 64.004822 
8 	 2 	 0.182558 	 0.552519 	 0.274438 	 84.033662 
8 	 3 	 0.876686 	 0.859509 	 0.868013 	 23.290977 
8 	 4 	 0.432052 	 0.645638 	 0.517680 	 64.518731 
8 	 5 	 0.899355 	 0.689319 	 0.780453 	 36.004715 
8 	 6 	 0.447960 	 0.725445 	 0.553893 	 61.681697 
8 	 7 	 0.634277 	 0.913793 	 0.748801 	 40.153381 
8 	 8 	 0.530810 	 0.889069 	 0.664742 	 50.216226 
8 	 9 	 0.562435 	 0.852608 	 0.677769 	 48.740455 
8 	 10 	 0.778704 	 0.893742 	 0.832266 	 28.728079 
8 	 11 	 0.574589 	 0.904391 	 0.702718 	 45.831499 
8 	 12 	 0.765491 	 0.800829 	 0.782762 	 35.685984 
8 	 13 	 0.760192 	 0.747388 	 0.753736 	 39.518843 
8 	 14 	 0.510716 	 0.212306 	 0.299930 	 79.724707 
8 	 15 	 0.642410 	 0.673592 	 0.657632 	 50.979592 
8 	 16 	 0.646520 	 0.293919 	 0.404119 	 74.549388 
8 	 17 	 0.409217 	 0.868336 	 0.556279 	 61.469098 
8 	 18 	 0.011766 	 0.006690 	 0.008530 	 98.069220 
8 	 19 	 0.806959 	 0.892739 	 0.847684 	 26.436423 
8 	 20 	 0.463082 	 0.852418 	 0.600136 	 57.112683 
8 	 21 	 0.423739 	 0.864922 	 0.568809 	 60.253726 
8 	 22 	 0.440210 	 0.876461 	 0.586064 	 58.550866 
8 	 23 	 0.099323 	 0.161729 	 0.123066 	 91.891733 
8 	 24 	 0.501309 	 0.868268 	 0.635628 	 53.412458 
8 	 25 	 0.935416 	 0.789608 	 0.856350 	 25.121395 
8 	 26 	 0.642250 	 0.710561 	 0.674681 	 49.092961 
8 	 27 	 0.740157 	 0.876572 	 0.802609 	 32.970201 
8 	 28 	 0.334000 	 0.760027 	 0.464063 	 69.782787 
8 	 29 	 0.619451 	 0.867848 	 0.722907 	 43.394370 
8 	 30 	 0.500527 	 0.860665 	 0.632954 	 53.699111 
8 	 31 	 0.615953 	 0.824052 	 0.704966 	 45.563898 
8 	 32 	 0.120032 	 0.109883 	 0.114734 	 93.098125 
8 	 33 	 0.290764 	 0.756730 	 0.420107 	 73.398633 
8 	 34 	 0.360169 	 0.826663 	 0.501736 	 66.511616 
8 	 35 	 0.167829 	 0.050209 	 0.077294 	 95.915368 
8 	 36 	 0.880801 	 0.879069 	 0.879934 	 21.439050 
8 	 37 	 0.736522 	 0.856590 	 0.792032 	 34.432757 
8 	 38 	 0.319867 	 0.386613 	 0.350087 	 77.963637 
8 	 39 	 0.470518 	 0.853080 	 0.606513 	 56.443116 
8 	 40 	 0.816540 	 0.868970 	 0.841939 	 27.297491 
8 	 41 	 0.029956 	 0.014379 	 0.019431 	 98.291429 
8 	 42 	 0.825679 	 0.907664 	 0.864733 	 23.830041 
8 	 43 	 0.469010 	 0.825316 	 0.598121 	 57.334380 
8 	 44 	 0.626383 	 0.906251 	 0.740764 	 41.173485 
8 	 45 	 0.761922 	 0.852733 	 0.804774 	 32.667609 
8 	 46 	 0.914493 	 0.270681 	 0.417721 	 73.579592 
8 	 47 	 0.946665 	 0.874047 	 0.908908 	 16.697419 
8 	 48 	 0.815909 	 0.518935 	 0.634387 	 53.534694 
8 	 49 	 0.884280 	 0.838360 	 0.860708 	 24.452357 
8 	 50 	 0.794320 	 0.840684 	 0.816845 	 30.946132 
8 	 51 	 0.819228 	 0.892925 	 0.854490 	 25.405238 
8 	 52 	 0.746086 	 0.870134 	 0.803350 	 32.866805 
9 	 1 	 0.371843 	 0.514991 	 0.431864 	 61.117991 
9 	 2 	 0.218432 	 0.690246 	 0.331848 	 79.949424 
9 	 3 	 0.891611 	 0.698380 	 0.783254 	 34.440702 
9 	 4 	 0.938328 	 0.704338 	 0.804668 	 18.338388 
9 	 5 	 0.966958 	 0.706273 	 0.816308 	 29.509721 
9 	 6 	 0.483550 	 0.835846 	 0.612664 	 55.786573 
9 	 7 	 1.000000 	 0.046374 	 0.088637 	 62.455415 
9 	 8 	 1.000000 	 0.060166 	 0.113502 	 52.626420 
9 	 9 	 1.000000 	 0.064797 	 0.121707 	 56.225278 
9 	 10 	 1.000000 	 0.051927 	 0.098728 	 75.604570 
9 	 11 	 0.876359 	 0.438589 	 0.584603 	 37.331922 
9 	 12 	 0.996358 	 0.059709 	 0.112666 	 75.506469 
9 	 13 	 0.998474 	 0.189921 	 0.319139 	 65.573514 
9 	 14 	 1.000000 	 0.049265 	 0.093904 	 76.478452 
9 	 15 	 0.970497 	 0.157375 	 0.270832 	 61.595918 
9 	 16 	 0.989528 	 0.264572 	 0.417512 	 63.493061 
9 	 17 	 0.697619 	 0.803819 	 0.746963 	 24.165380 
9 	 18 	 0.744827 	 0.819223 	 0.780256 	 29.097686 
9 	 19 	 0.815534 	 0.944165 	 0.875148 	 22.198806 
9 	 20 	 0.766099 	 0.628286 	 0.690382 	 28.334227 
9 	 21 	 0.543650 	 0.703638 	 0.613383 	 40.756992 
9 	 22 	 0.730514 	 0.789780 	 0.758992 	 23.719970 
9 	 23 	 0.585292 	 0.895192 	 0.707808 	 29.466709 
9 	 24 	 0.683923 	 0.886623 	 0.772193 	 28.069024 
9 	 25 	 0.942628 	 0.895717 	 0.918574 	 15.059012 
9 	 26 	 0.708207 	 0.960643 	 0.815333 	 31.176203 
9 	 27 	 0.751058 	 0.928435 	 0.830380 	 29.004281 
9 	 28 	 0.358429 	 0.846731 	 0.503656 	 66.340373 
9 	 29 	 0.635874 	 0.931035 	 0.755654 	 39.272947 
9 	 30 	 0.517229 	 0.920137 	 0.662213 	 50.498903 
9 	 31 	 0.654296 	 0.972434 	 0.782256 	 35.761924 
9 	 32 	 0.511911 	 0.861486 	 0.642209 	 52.701906 
9 	 33 	 0.894769 	 0.518706 	 0.656711 	 19.053149 
9 	 34 	 0.379030 	 0.896201 	 0.532746 	 63.682925 
9 	 35 	 0.961911 	 0.866746 	 0.911852 	 13.408123 
9 	 36 	 0.892450 	 0.987173 	 0.937425 	 11.778001 
9 	 37 	 0.759122 	 0.965706 	 0.850042 	 26.080534 
9 	 38 	 0.915971 	 0.728794 	 0.811732 	 18.361394 
9 	 39 	 0.490294 	 0.922529 	 0.640293 	 52.854384 
9 	 40 	 0.827143 	 0.934248 	 0.877439 	 21.835969 
9 	 41 	 0.948675 	 0.865285 	 0.905064 	 12.294694 
9 	 42 	 0.981964 	 0.755432 	 0.853930 	 21.688182 
9 	 43 	 0.495966 	 0.919426 	 0.644350 	 52.469257 
9 	 44 	 0.634997 	 0.939705 	 0.757871 	 38.976113 
9 	 45 	 0.776164 	 0.923940 	 0.843629 	 27.045072 
9 	 46 	 0.999370 	 0.611095 	 0.758427 	 37.957551 
9 	 47 	 0.994809 	 0.491430 	 0.657874 	 48.714542 
9 	 48 	 0.999052 	 0.317281 	 0.481610 	 61.130612 
9 	 49 	 0.872448 	 0.549201 	 0.674076 	 47.858596 
9 	 50 	 0.991405 	 0.034277 	 0.066264 	 79.295784 
9 	 51 	 0.997600 	 0.041718 	 0.080086 	 80.063060 
9 	 52 	 0.994594 	 0.061801 	 0.116371 	 72.410478 
10 	 7 	 1.000000 	 0.000553 	 0.001106 	 65.456313 
10 	 8 	 1.000000 	 0.006075 	 0.012077 	 55.655225 
10 	 11 	 NaN 	 0.000000 	 NaN 	 59.895004 
10 	 44 	 0.000000 	 0.000000 	 NaN 	 71.280234 
10 	 45 	 0.167954 	 0.019126 	 0.034342 	 84.932103 
10 	 46 	 0.838408 	 0.132791 	 0.229270 	 87.052245 
10 	 47 	 0.383671 	 0.030124 	 0.055863 	 97.047753 
10 	 48 	 0.767210 	 0.380680 	 0.508867 	 65.767347 
10 	 49 	 0.000000 	 0.000000 	 NaN 	 90.122923 
10 	 50 	 0.000000 	 0.000000 	 NaN 	 82.318899 
10 	 51 	 NaN 	 0.000000 	 NaN 	 83.539761 
10 	 52 	 NaN 	 0.000000 	 NaN 	 77.152675 
11 	 7 	 1.000000 	 0.000667 	 0.001332 	 65.448899 
11 	 8 	 1.000000 	 0.006384 	 0.012688 	 55.637927 
11 	 11 	 1.000000 	 0.012554 	 0.024796 	 59.143099 
11 	 44 	 0.000000 	 0.000000 	 NaN 	 72.022398 
11 	 45 	 0.078787 	 0.016954 	 0.027903 	 93.274709 
11 	 46 	 0.988536 	 0.955862 	 0.971925 	 5.384490 
11 	 47 	 0.547633 	 0.033239 	 0.062674 	 94.755661 
11 	 48 	 0.593363 	 0.162106 	 0.254644 	 84.934694 
11 	 49 	 0.000000 	 0.000000 	 NaN 	 90.659546 
11 	 50 	 0.000000 	 0.000000 	 NaN 	 84.431883 
11 	 51 	 0.000000 	 0.000000 	 NaN 	 83.554855 
11 	 52 	 0.000000 	 0.000000 	 NaN 	 77.184446 
12 	 7 	 NaN 	 0.000000 	 NaN 	 65.492557 
12 	 8 	 NaN 	 0.000000 	 NaN 	 55.995420 
12 	 11 	 NaN 	 0.000000 	 NaN 	 59.895004 
12 	 44 	 0.000000 	 0.000000 	 NaN 	 70.148682 
12 	 45 	 0.133647 	 0.020800 	 0.035998 	 87.965093 
12 	 46 	 0.204528 	 0.006505 	 0.012609 	 99.337143 
12 	 47 	 0.033554 	 0.001661 	 0.003165 	 99.707235 
12 	 48 	 0.264515 	 0.041263 	 0.071390 	 96.075918 
12 	 49 	 0.000000 	 0.000000 	 NaN 	 90.181417 
12 	 50 	 0.000000 	 0.000000 	 NaN 	 82.508159 
12 	 51 	 NaN 	 0.000000 	 NaN 	 83.539761 
12 	 52 	 NaN 	 0.000000 	 NaN 	 77.152675 
13 	 1 	 0.188181 	 0.270387 	 0.221915 	 85.524017 
13 	 2 	 0.106533 	 0.294247 	 0.156430 	 91.282647 
13 	 3 	 0.827457 	 0.496234 	 0.620405 	 54.108162 
13 	 4 	 0.145225 	 0.138627 	 0.141850 	 89.951188 
13 	 5 	 0.892337 	 0.639362 	 0.744959 	 40.642692 
13 	 6 	 0.132850 	 0.131108 	 0.131973 	 91.036239 
13 	 7 	 0.244371 	 0.142115 	 0.179716 	 84.965032 
13 	 8 	 0.187494 	 0.118478 	 0.145202 	 78.110559 
13 	 9 	 0.360603 	 0.316324 	 0.337015 	 74.824080 
13 	 10 	 0.449955 	 0.184364 	 0.261558 	 83.015946 
13 	 11 	 0.320841 	 0.303537 	 0.311949 	 80.198984 
13 	 12 	 0.484429 	 0.220318 	 0.302885 	 81.419573 
13 	 13 	 0.481150 	 0.214175 	 0.296409 	 82.276054 
13 	 14 	 0.237342 	 0.051013 	 0.083976 	 89.523842 
13 	 15 	 0.051627 	 0.019159 	 0.027947 	 96.877551 
13 	 16 	 0.032352 	 0.004765 	 0.008306 	 97.854694 
13 	 17 	 0.069820 	 0.088374 	 0.078009 	 92.695611 
13 	 18 	 0.004955 	 0.002845 	 0.003615 	 98.904772 
13 	 19 	 0.526932 	 0.237877 	 0.327782 	 80.398388 
13 	 20 	 0.110085 	 0.113024 	 0.111535 	 90.535421 
13 	 21 	 0.152616 	 0.206134 	 0.175383 	 89.067158 
13 	 22 	 0.102004 	 0.121144 	 0.110753 	 91.998557 
13 	 23 	 0.043070 	 0.062616 	 0.051036 	 92.836679 
13 	 24 	 0.224656 	 0.248890 	 0.236153 	 86.390572 
13 	 25 	 0.907302 	 0.533599 	 0.671989 	 49.398783 
13 	 26 	 0.255004 	 0.129849 	 0.172076 	 89.518941 
13 	 27 	 0.368354 	 0.178186 	 0.240185 	 86.207452 
13 	 28 	 0.059651 	 0.082069 	 0.069087 	 87.917637 
13 	 29 	 0.153219 	 0.093543 	 0.116165 	 92.843865 
13 	 30 	 0.131934 	 0.123318 	 0.127481 	 90.812115 
13 	 31 	 0.271871 	 0.187081 	 0.221644 	 86.799140 
13 	 32 	 0.074618 	 0.064246 	 0.069045 	 95.119886 
13 	 33 	 0.054017 	 0.094367 	 0.068706 	 89.881854 
13 	 34 	 0.107650 	 0.166601 	 0.130790 	 89.704536 
13 	 35 	 0.017965 	 0.004265 	 0.006894 	 98.327618 
13 	 36 	 0.419439 	 0.085790 	 0.142445 	 92.313466 
13 	 37 	 0.555887 	 0.382815 	 0.453396 	 70.652608 
13 	 38 	 0.176516 	 0.171369 	 0.173904 	 88.427883 
13 	 39 	 0.087507 	 0.075860 	 0.081268 	 87.460191 
13 	 40 	 0.789341 	 0.731075 	 0.759091 	 38.823529 
13 	 41 	 0.011773 	 0.005508 	 0.007505 	 98.670204 
13 	 42 	 0.043603 	 0.008376 	 0.014053 	 98.633841 
13 	 43 	 0.046991 	 0.045198 	 0.046077 	 96.746060 
13 	 44 	 0.161510 	 0.095889 	 0.120335 	 91.001672 
13 	 45 	 0.215730 	 0.070974 	 0.106808 	 93.729867 
13 	 46 	 0.122875 	 0.003207 	 0.006250 	 99.423673 
13 	 47 	 0.434663 	 0.036664 	 0.067624 	 96.357255 
13 	 48 	 0.332981 	 0.057416 	 0.097944 	 94.655510 
13 	 49 	 0.424849 	 0.079004 	 0.133233 	 92.632248 
13 	 50 	 0.208912 	 0.052128 	 0.083437 	 94.009286 
13 	 51 	 0.248286 	 0.061804 	 0.098971 	 94.008436 
13 	 52 	 0.192357 	 0.059948 	 0.091409 	 91.946960 
14 	 1 	 0.398616 	 0.806669 	 0.533569 	 63.614444 
14 	 2 	 0.181903 	 0.550040 	 0.273393 	 84.097504 
14 	 3 	 0.876347 	 0.855904 	 0.866005 	 23.600623 
14 	 4 	 0.402717 	 0.575361 	 0.473802 	 68.535399 
14 	 5 	 0.898676 	 0.684187 	 0.776899 	 36.481214 
14 	 6 	 0.451814 	 0.736582 	 0.560079 	 61.077989 
14 	 7 	 0.631941 	 0.904649 	 0.744095 	 40.752243 
14 	 8 	 0.532387 	 0.894717 	 0.667556 	 49.899918 
14 	 9 	 0.562419 	 0.852552 	 0.677740 	 48.743786 
14 	 10 	 0.779085 	 0.895726 	 0.833344 	 28.569874 
14 	 11 	 0.575009 	 0.905946 	 0.703501 	 45.738357 
14 	 12 	 0.772000 	 0.830938 	 0.800385 	 33.274598 
14 	 13 	 0.761275 	 0.751850 	 0.756533 	 39.157829 
14 	 14 	 0.430151 	 0.151794 	 0.224401 	 84.406938 
14 	 15 	 0.649275 	 0.693762 	 0.670782 	 49.499592 
14 	 16 	 0.832406 	 0.808056 	 0.820050 	 30.501224 
14 	 17 	 0.407223 	 0.860681 	 0.552864 	 61.775265 
14 	 18 	 0.011450 	 0.006612 	 0.008383 	 98.640999 
14 	 19 	 0.807761 	 0.897352 	 0.850203 	 26.056243 
14 	 20 	 0.192346 	 0.227316 	 0.208374 	 86.840782 
14 	 21 	 0.424838 	 0.868731 	 0.570623 	 60.072852 
14 	 22 	 0.438340 	 0.869278 	 0.582799 	 58.857033 
14 	 23 	 0.083172 	 0.132165 	 0.102095 	 92.683376 
14 	 24 	 0.503615 	 0.876316 	 0.639635 	 52.980640 
14 	 25 	 0.935800 	 0.794656 	 0.859472 	 24.642641 
14 	 26 	 0.656471 	 0.756360 	 0.702884 	 45.811787 
14 	 27 	 0.739798 	 0.874942 	 0.801715 	 33.094824 
14 	 28 	 0.326640 	 0.734981 	 0.452278 	 70.764181 
14 	 29 	 0.623354 	 0.882368 	 0.730584 	 42.447284 
14 	 30 	 0.343067 	 0.444458 	 0.387236 	 75.671859 
14 	 31 	 0.613832 	 0.816703 	 0.700883 	 46.049331 
14 	 32 	 0.125771 	 0.116202 	 0.120797 	 92.869059 
14 	 33 	 0.286311 	 0.740587 	 0.412968 	 73.974217 
14 	 34 	 0.198377 	 0.356292 	 0.254855 	 84.398956 
14 	 35 	 0.094285 	 0.025665 	 0.040347 	 97.685735 
14 	 36 	 0.879420 	 0.867636 	 0.873488 	 22.460851 
14 	 37 	 0.735534 	 0.852242 	 0.789599 	 34.765555 
14 	 38 	 0.304337 	 0.362393 	 0.330837 	 79.622080 
14 	 39 	 0.286174 	 0.370496 	 0.322922 	 79.223980 
14 	 40 	 0.816422 	 0.868284 	 0.841555 	 27.354839 
14 	 41 	 0.025757 	 0.012294 	 0.016644 	 98.391020 
14 	 42 	 0.827164 	 0.917104 	 0.869815 	 23.037801 
14 	 43 	 0.088804 	 0.090396 	 0.089593 	 94.972734 
14 	 44 	 0.626165 	 0.905405 	 0.740329 	 41.228399 
14 	 45 	 0.765589 	 0.870238 	 0.814566 	 31.285402 
14 	 46 	 0.920344 	 0.293387 	 0.444937 	 71.373878 
14 	 47 	 0.945923 	 0.861381 	 0.901675 	 17.904560 
14 	 48 	 0.814443 	 0.514630 	 0.630721 	 53.934694 
14 	 49 	 0.884576 	 0.840787 	 0.862126 	 24.233639 
14 	 50 	 0.795500 	 0.847068 	 0.820475 	 30.427980 
14 	 51 	 0.819673 	 0.895615 	 0.855963 	 25.180502 
14 	 52 	 0.747223 	 0.875379 	 0.806240 	 32.462147 
15 	 1 	 0.909238 	 0.819651 	 0.862123 	 11.825347 
15 	 2 	 0.866435 	 0.926900 	 0.895648 	 6.212586 
15 	 3 	 0.935301 	 0.573046 	 0.710673 	 41.575736 
15 	 4 	 0.894815 	 0.936491 	 0.915178 	 9.309496 
15 	 5 	 0.975705 	 0.996155 	 0.985824 	 2.659760 
15 	 6 	 0.900736 	 0.929162 	 0.914728 	 9.144122 
15 	 7 	 0.888057 	 0.879066 	 0.883539 	 15.177476 
15 	 8 	 0.731706 	 0.894453 	 0.804935 	 24.274924 
15 	 9 	 0.751642 	 0.794390 	 0.772425 	 28.142202 
15 	 10 	 0.949962 	 0.874827 	 0.910847 	 13.656720 
15 	 11 	 0.915304 	 0.747851 	 0.823148 	 19.247248 
15 	 12 	 0.949590 	 0.969891 	 0.959633 	 6.550754 
15 	 13 	 0.978039 	 0.961152 	 0.969522 	 4.889837 
15 	 14 	 0.895443 	 0.973389 	 0.932791 	 11.283409 
15 	 15 	 0.950208 	 0.990813 	 0.970086 	 4.441633 
15 	 16 	 0.975977 	 0.997959 	 0.986846 	 2.288163 
15 	 17 	 0.878550 	 0.944367 	 0.910270 	 8.261475 
15 	 18 	 0.983984 	 0.997649 	 0.990769 	 1.172230 
15 	 19 	 0.998514 	 0.845272 	 0.915524 	 12.853626 
15 	 20 	 0.884678 	 0.935219 	 0.909247 	 9.386630 
15 	 21 	 0.920875 	 0.891876 	 0.906144 	 8.489365 
15 	 22 	 0.915639 	 0.923500 	 0.919553 	 7.641592 
15 	 23 	 0.858440 	 0.957682 	 0.905349 	 7.983447 
15 	 24 	 0.976484 	 0.861193 	 0.915222 	 8.560606 
15 	 25 	 0.997209 	 0.954815 	 0.975551 	 4.538356 
15 	 26 	 0.968311 	 0.926741 	 0.947070 	 7.421382 
15 	 27 	 0.989110 	 0.915320 	 0.950785 	 7.245984 
15 	 28 	 0.733208 	 0.964653 	 0.833156 	 15.358142 
15 	 29 	 0.965181 	 0.954789 	 0.959957 	 5.195515 
15 	 30 	 0.885153 	 0.951888 	 0.917309 	 9.232438 
15 	 31 	 0.933287 	 0.931557 	 0.932421 	 8.920148 
15 	 32 	 0.957191 	 0.960258 	 0.958722 	 4.539834 
15 	 33 	 0.725577 	 0.956673 	 0.825252 	 14.234744 
15 	 34 	 0.853840 	 0.893341 	 0.873144 	 10.515445 
15 	 35 	 0.977027 	 0.997924 	 0.987365 	 2.043562 
15 	 36 	 0.998546 	 0.963514 	 0.980717 	 3.386101 
15 	 37 	 0.995658 	 0.775801 	 0.872086 	 17.420133 
15 	 38 	 0.901636 	 0.909897 	 0.905748 	 10.285205 
15 	 39 	 0.787691 	 0.965135 	 0.867431 	 15.042689 
15 	 40 	 0.978284 	 0.954952 	 0.966477 	 5.542484 
15 	 41 	 0.982854 	 0.996252 	 0.989507 	 1.431020 
15 	 42 	 0.984065 	 0.995615 	 0.989806 	 1.720930 
15 	 43 	 0.971134 	 0.967447 	 0.969287 	 3.169456 
15 	 44 	 0.936820 	 0.943256 	 0.940027 	 7.812695 
15 	 45 	 0.981996 	 0.979655 	 0.980824 	 3.024624 
15 	 46 	 0.997087 	 0.997095 	 0.997091 	 0.567347 
15 	 47 	 0.997137 	 0.976828 	 0.986878 	 2.475787 
15 	 48 	 0.995911 	 0.959695 	 0.977467 	 3.960000 
15 	 49 	 0.994427 	 0.946725 	 0.969990 	 5.278908 
15 	 50 	 0.969862 	 0.964903 	 0.967376 	 5.342182 
15 	 51 	 0.986463 	 0.950914 	 0.968363 	 5.190732 
15 	 52 	 0.943065 	 0.958864 	 0.950899 	 7.640021 
16 	 1 	 0.406372 	 0.833070 	 0.546272 	 62.421166 
16 	 2 	 0.212906 	 0.668857 	 0.322998 	 80.649200 
16 	 3 	 0.875426 	 0.846930 	 0.860943 	 24.378032 
16 	 4 	 0.499251 	 0.856203 	 0.630726 	 53.765889 
16 	 5 	 0.906193 	 0.745187 	 0.817841 	 30.818017 
16 	 6 	 0.471106 	 0.795318 	 0.591712 	 57.934202 
16 	 7 	 0.630994 	 0.900976 	 0.742196 	 40.992776 
16 	 8 	 0.532501 	 0.895129 	 0.667760 	 49.876854 
16 	 9 	 0.564187 	 0.858702 	 0.680965 	 48.374041 
16 	 10 	 0.779745 	 0.899169 	 0.835209 	 28.295317 
16 	 11 	 0.568024 	 0.880471 	 0.690549 	 47.264183 
16 	 12 	 0.966932 	 0.726521 	 0.829661 	 23.950312 
16 	 13 	 0.984118 	 0.665304 	 0.793900 	 27.951708 
16 	 14 	 0.904234 	 0.789924 	 0.843223 	 23.628492 
16 	 15 	 0.954940 	 0.678803 	 0.793535 	 25.675102 
16 	 16 	 0.991140 	 0.691246 	 0.814464 	 27.086531 
16 	 17 	 0.405867 	 0.855766 	 0.550599 	 61.987485 
16 	 18 	 0.978372 	 0.879694 	 0.926413 	 8.812615 
16 	 19 	 0.805363 	 0.883665 	 0.842699 	 27.184139 
16 	 20 	 0.472279 	 0.884958 	 0.615879 	 55.502565 
16 	 21 	 0.427782 	 0.878936 	 0.575477 	 59.584659 
16 	 22 	 0.437058 	 0.864666 	 0.580629 	 59.069252 
16 	 23 	 0.370533 	 0.887817 	 0.522852 	 64.603927 
16 	 24 	 0.498766 	 0.859483 	 0.631226 	 53.883838 
16 	 25 	 0.936139 	 0.799174 	 0.862251 	 24.214236 
16 	 26 	 0.670213 	 0.804321 	 0.731168 	 42.373966 
16 	 27 	 0.740047 	 0.876073 	 0.802335 	 33.008351 
16 	 28 	 0.338270 	 0.773677 	 0.470727 	 69.159786 
16 	 29 	 0.618217 	 0.863322 	 0.720495 	 43.689598 
16 	 30 	 0.508583 	 0.888854 	 0.646979 	 52.182648 
16 	 31 	 0.621887 	 0.845047 	 0.716493 	 44.176948 
16 	 32 	 0.496731 	 0.810724 	 0.616023 	 55.488883 
16 	 33 	 0.312968 	 0.840918 	 0.456164 	 70.446666 
16 	 34 	 0.368199 	 0.855183 	 0.514766 	 65.310955 
16 	 35 	 0.988440 	 0.830609 	 0.902678 	 14.330673 
16 	 36 	 0.881790 	 0.887420 	 0.884596 	 20.692743 
16 	 37 	 0.734185 	 0.846364 	 0.786294 	 35.215512 
16 	 38 	 0.515450 	 0.894018 	 0.653894 	 51.402490 
16 	 39 	 0.478497 	 0.879342 	 0.619753 	 55.021853 
16 	 40 	 0.817236 	 0.873022 	 0.844208 	 26.958465 
16 	 41 	 0.992424 	 0.843096 	 0.911686 	 11.062857 
16 	 42 	 0.826776 	 0.914621 	 0.868483 	 23.246198 
16 	 43 	 0.467907 	 0.821668 	 0.596265 	 57.522977 
16 	 44 	 0.624215 	 0.897330 	 0.736261 	 41.730108 
16 	 45 	 0.763963 	 0.862408 	 0.810206 	 31.903714 
16 	 46 	 0.999670 	 0.685164 	 0.813063 	 30.720000 
16 	 47 	 0.947813 	 0.894362 	 0.920312 	 14.761237 
16 	 48 	 0.989142 	 0.491080 	 0.656317 	 46.031020 
16 	 49 	 0.884357 	 0.838990 	 0.861077 	 24.395558 
16 	 50 	 0.794979 	 0.843963 	 0.818739 	 30.674439 
16 	 51 	 0.818505 	 0.888589 	 0.852109 	 25.767499 
16 	 52 	 0.745272 	 0.866407 	 0.801287 	 33.154414 
